image_width: 640
image_height: 480
camera_name: elp_sync
camera_matrix:
  rows: 3
  cols: 3
  data: [236.45472,   0.     , 313.71928,
           0.     , 239.91511, 252.05992,
           0.     ,   0.     ,   1.     ]
distortion_model: equidistant
distortion_coefficients:
  rows: 1
  cols: 5
  data: [-0.243146, 0.034145, -0.000261, 0.008068, 0.000000]
rectification_matrix:
  rows: 3
  cols: 3
  data: [ 0.9995747 ,  0.02128154, -0.01993788,
         -0.0214577 ,  0.99973222, -0.00866361,
          0.01974816,  0.00908775,  0.99976368]
projection_matrix:
  rows: 3
  cols: 4
  data: [259.55215,   0.     , 287.95549, -16.60129,
           0.     , 259.55215, 218.56646,   0.     ,
           0.     ,   0.     ,   1.     ,   0.     ]