image_width: 640
image_height: 480
camera_name: elp_sync
camera_matrix:
  rows: 3
  cols: 3
  data: [254.62093,   0.     , 326.45164,
           0.     , 256.98036, 237.71401,
           0.     ,   0.     ,   1.     ]
distortion_model: equidistant
distortion_coefficients:
  rows: 1
  cols: 5
  data: [-0.265291, 0.037870, 0.000199, 0.004156, 0.000000]
rectification_matrix:
  rows: 3
  cols: 3
  data: [ 0.99548711,  0.02374885,  0.09187715,
         -0.02456439,  0.99966817,  0.00775565,
         -0.09166248, -0.00997755,  0.99574015]
projection_matrix:
  rows: 3
  cols: 4
  data: [259.55215,   0.     , 287.95549,   0.     ,
           0.     , 259.55215, 218.56646,   0.     ,
           0.     ,   0.     ,   1.     ,   0.     ]