image_width: 320
image_height: 240
camera_name: narrow_stereo/right
camera_matrix:
  rows: 3
  cols: 3
  data: [105.76631,   0.42264, 167.43455,
           0.     , 106.65237, 126.23168,
           0.     ,   0.     ,   1.     ]
distortion_model: fisheye
distortion_coefficients:
  rows: 1
  cols: 4
  data: [-0.148062, 0.512927, -0.791827, 0.393247]
rectification_matrix:
  rows: 3
  cols: 3
  data: [ 0.99972702, -0.02114948,  0.00992907,
          0.02116609,  0.99977474, -0.00157014,
         -0.00989363,  0.00177987,  0.99994947]
projection_matrix:
  rows: 3
  cols: 4
  data: [104.08984,  -1.51634, 168.47559,  -3.69147,
           1.00852, 106.85302, 126.05785,   0.     ,
          -0.00989,   0.00178,   0.99995,   0.     ]